  LAY BND  WVN1    WVN2    TAUICE       TAULIQ       TAUTOT       CUMTAU       SSAICE       SSALIQ       GICE         GLIQ         
    1  16  2600.0  3250.0  0.00000E+00  0.28661E+01  0.28661E+01  0.28661E+01  0.00000E+00  0.67081E+00  0.00000E+00  0.87111E+00
    1  17  3250.0  4000.0  0.00000E+00  0.28246E+01  0.28246E+01  0.28246E+01  0.00000E+00  0.70578E+00  0.00000E+00  0.89938E+00
    1  18  4000.0  4650.0  0.00000E+00  0.28010E+01  0.28010E+01  0.28010E+01  0.00000E+00  0.94459E+00  0.00000E+00  0.85031E+00
    1  19  4650.0  5150.0  0.00000E+00  0.27849E+01  0.27849E+01  0.27849E+01  0.00000E+00  0.98945E+00  0.00000E+00  0.84572E+00
    1  20  5150.0  6150.0  0.00000E+00  0.27656E+01  0.27656E+01  0.27656E+01  0.00000E+00  0.98865E+00  0.00000E+00  0.85112E+00
    1  21  6150.0  7700.0  0.00000E+00  0.27312E+01  0.27312E+01  0.27312E+01  0.00000E+00  0.99496E+00  0.00000E+00  0.85196E+00
    1  22  7700.0  8050.0  0.00000E+00  0.27118E+01  0.27118E+01  0.27118E+01  0.00000E+00  0.99763E+00  0.00000E+00  0.85126E+00
    1  23  8050.0 12850.0  0.00000E+00  0.26763E+01  0.26763E+01  0.26763E+01  0.00000E+00  0.99965E+00  0.00000E+00  0.85330E+00
    1  24 12850.0 16000.0  0.00000E+00  0.26419E+01  0.26419E+01  0.26419E+01  0.00000E+00  0.99999E+00  0.00000E+00  0.85935E+00
    1  25 16000.0 22650.0  0.00000E+00  0.26190E+01  0.26190E+01  0.26190E+01  0.00000E+00  0.10000E+01  0.00000E+00  0.86376E+00
    1  26 22650.0 29000.0  0.00000E+00  0.25997E+01  0.25997E+01  0.25997E+01  0.00000E+00  0.10000E+01  0.00000E+00  0.86551E+00
    1  27 29000.0 38000.0  0.00000E+00  0.25890E+01  0.25890E+01  0.25890E+01  0.00000E+00  0.99999E+00  0.00000E+00  0.86711E+00
    1  28 38000.0 50000.0  0.00000E+00  0.25888E+01  0.25888E+01  0.25888E+01  0.00000E+00  0.99999E+00  0.00000E+00  0.86656E+00
    1  29   820.0  2600.0  0.00000E+00  0.31714E+01  0.31714E+01  0.31714E+01  0.00000E+00  0.73487E+00  0.00000E+00  0.84504E+00
    2  16  2600.0  3250.0  0.00000E+00  0.28661E+01  0.28661E+01  0.57323E+01  0.00000E+00  0.67081E+00  0.00000E+00  0.87111E+00
    2  17  3250.0  4000.0  0.00000E+00  0.28246E+01  0.28246E+01  0.56492E+01  0.00000E+00  0.70578E+00  0.00000E+00  0.89938E+00
    2  18  4000.0  4650.0  0.00000E+00  0.28010E+01  0.28010E+01  0.56021E+01  0.00000E+00  0.94459E+00  0.00000E+00  0.85031E+00
    2  19  4650.0  5150.0  0.00000E+00  0.27849E+01  0.27849E+01  0.55699E+01  0.00000E+00  0.98945E+00  0.00000E+00  0.84572E+00
    2  20  5150.0  6150.0  0.00000E+00  0.27656E+01  0.27656E+01  0.55311E+01  0.00000E+00  0.98865E+00  0.00000E+00  0.85112E+00
    2  21  6150.0  7700.0  0.00000E+00  0.27312E+01  0.27312E+01  0.54624E+01  0.00000E+00  0.99496E+00  0.00000E+00  0.85196E+00
    2  22  7700.0  8050.0  0.00000E+00  0.27118E+01  0.27118E+01  0.54237E+01  0.00000E+00  0.99763E+00  0.00000E+00  0.85126E+00
    2  23  8050.0 12850.0  0.00000E+00  0.26763E+01  0.26763E+01  0.53525E+01  0.00000E+00  0.99965E+00  0.00000E+00  0.85330E+00
    2  24 12850.0 16000.0  0.00000E+00  0.26419E+01  0.26419E+01  0.52837E+01  0.00000E+00  0.99999E+00  0.00000E+00  0.85935E+00
    2  25 16000.0 22650.0  0.00000E+00  0.26190E+01  0.26190E+01  0.52380E+01  0.00000E+00  0.10000E+01  0.00000E+00  0.86376E+00
    2  26 22650.0 29000.0  0.00000E+00  0.25997E+01  0.25997E+01  0.51994E+01  0.00000E+00  0.10000E+01  0.00000E+00  0.86551E+00
    2  27 29000.0 38000.0  0.00000E+00  0.25890E+01  0.25890E+01  0.51781E+01  0.00000E+00  0.99999E+00  0.00000E+00  0.86711E+00
    2  28 38000.0 50000.0  0.00000E+00  0.25888E+01  0.25888E+01  0.51776E+01  0.00000E+00  0.99999E+00  0.00000E+00  0.86656E+00
    2  29   820.0  2600.0  0.00000E+00  0.31714E+01  0.31714E+01  0.63428E+01  0.00000E+00  0.73487E+00  0.00000E+00  0.84504E+00
